1.00000000000000E-002 1.677970843802000E000
2.00000000000000E-002 1.810109673825600E000
3.00000000000000E-002 1.870876851088600E000
4.00000000000000E-002 1.907819769545500E000
5.00000000000000E-002 1.933397254491000E000
6.00000000000000E-002 1.952511963216700E000
7.00000000000000E-002 1.967538957024400E000
8.00000000000000E-002 1.979788151401600E000
9.00000000000000E-002 1.990049636084300E000
1.00000000000000E-001 1.998832347888300E000
1.10000000000000E-001 2.006481082496000E000
1.20000000000000E-001 2.013238959823600E000
1.30000000000000E-001 2.019283064307700E000
1.40000000000000E-001 2.024745898068800E000
1.50000000000000E-001 2.029728876127800E000
1.60000000000000E-001 2.034311135132200E000
1.70000000000000E-001 2.038555466698600E000
1.80000000000000E-001 2.042512423705400E000
1.90000000000000E-001 2.046223229966500E000
2.00000000000000E-001 2.049721885180500E000
2.10000000000000E-001 2.053036715937200E000
2.20000000000000E-001 2.056191537433200E000
2.30000000000000E-001 2.059206536493400E000
2.40000000000000E-001 2.062098951726500E000
2.50000000000000E-001 2.064883603764900E000
2.60000000000000E-001 2.067573313195000E000
2.70000000000000E-001 2.070179233289300E000
2.80000000000000E-001 2.072711117363900E000
2.90000000000000E-001 2.075177535439300E000
3.00000000000000E-001 2.077586051204300E000
3.10000000000000E-001 2.079943367613600E000
3.20000000000000E-001 2.082255447493400E000
3.30000000000000E-001 2.084527614079100E000
3.40000000000000E-001 2.086764635320600E000
3.50000000000000E-001 2.088970794967900E000
3.60000000000000E-001 2.091149952823400E000
3.70000000000000E-001 2.093305596060300E000
3.80000000000000E-001 2.095440883134800E000
3.90000000000000E-001 2.097558681524600E000
4.00000000000000E-001 2.099661600293500E000
4.10000000000000E-001 2.101752018303400E000
4.20000000000000E-001 2.103832108744100E000
4.30000000000000E-001 2.105903860536500E000
4.40000000000000E-001 2.107969097071700E000
4.50000000000000E-001 2.110029492666600E000
4.60000000000000E-001 2.112086587061600E000
4.70000000000000E-001 2.114141798227900E000
4.80000000000000E-001 2.116196433713200E000
4.90000000000000E-001 2.118251700719800E000
5.00000000000000E-001 2.120308715079200E000
5.10000000000000E-001 2.122368509262300E000
5.20000000000000E-001 2.124432039547700E000
5.30000000000000E-001 2.126500192448400E000
5.40000000000000E-001 2.128573790487800E000
5.50000000000000E-001 2.130653597400800E000
5.60000000000000E-001 2.132740322827100E000
5.70000000000000E-001 2.134834626553500E000
5.80000000000000E-001 2.136937122356500E000
5.90000000000000E-001 2.139048381488500E000
6.00000000000000E-001 2.141168935846800E000
6.10000000000000E-001 2.143299280858000E000
6.20000000000000E-001 2.145439878108600E000
6.30000000000000E-001 2.147591157746900E000
6.40000000000000E-001 2.149753520681000E000
6.50000000000000E-001 2.151927340590600E000
6.60000000000000E-001 2.154112965773900E000
6.70000000000000E-001 2.156310720842900E000
6.80000000000000E-001 2.158520908283600E000
6.90000000000000E-001 2.160743809891800E000
7.00000000000000E-001 2.162979688098500E000
7.10000000000000E-001 2.165228787192300E000
7.20000000000000E-001 2.167491334449800E000
7.30000000000000E-001 2.169767541182200E000
7.40000000000000E-001 2.172057603703900E000
7.50000000000000E-001 2.174361704231800E000
7.60000000000000E-001 2.176680011719700E000
7.70000000000000E-001 2.179012682634000E000
7.80000000000000E-001 2.181359861675600E000
7.90000000000000E-001 2.183721682451900E000
8.00000000000000E-001 2.186098268103500E000
8.10000000000000E-001 2.188489731888700E000
8.20000000000000E-001 2.190896177729600E000
8.30000000000000E-001 2.193317700722600E000
8.40000000000000E-001 2.195754387616000E000
8.50000000000000E-001 2.198206317257200E000
8.60000000000000E-001 2.200673561011900E000
8.70000000000000E-001 2.203156183157200E000
8.80000000000000E-001 2.205654241250600E000
8.90000000000000E-001 2.208167786477100E000
9.00000000000000E-001 2.210696863974700E000
9.10000000000000E-001 2.213241513141700E000
9.20000000000000E-001 2.215801767925400E000
9.30000000000000E-001 2.218377657094000E000
9.40000000000000E-001 2.220969204493700E000
9.50000000000000E-001 2.223576429290800E000
9.60000000000000E-001 2.226199346200300E000
9.70000000000000E-001 2.228837965702100E000
9.80000000000000E-001 2.231492294245300E000
9.90000000000000E-001 2.234162334441900E000
1.000000000000000E000 2.236848085249400E000
1.010000000000000E000 2.239549542144300E000
1.020000000000000E000 2.242266697286700E000
1.030000000000000E000 2.244999539676200E000
1.040000000000000E000 2.247748055299500E000
1.050000000000000E000 2.250512227271500E000
1.060000000000000E000 2.253292035968100E000
1.070000000000000E000 2.256087459153600E000
1.080000000000000E000 2.258898472101200E000
1.090000000000000E000 2.261725047707900E000
1.100000000000000E000 2.264567156603800E000
1.110000000000000E000 2.267424767256300E000
1.120000000000000E000 2.270297846069500E000
1.130000000000000E000 2.273186357478600E000
1.140000000000000E000 2.276090264040300E000
1.150000000000000E000 2.279009526519300E000
1.160000000000000E000 2.281944103970000E000
1.170000000000000E000 2.284893953815700E000
1.180000000000000E000 2.287859031923500E000
1.190000000000000E000 2.290839292676000E000
1.200000000000000E000 2.293834689040300E000
1.210000000000000E000 2.296845172633500E000
1.220000000000000E000 2.299870693785800E000
1.230000000000000E000 2.302911201600500E000
1.240000000000000E000 2.305966644012400E000
1.250000000000000E000 2.309036967842300E000
1.260000000000000E000 2.312122118850600E000
1.270000000000000E000 2.315222041788000E000
1.280000000000000E000 2.318336680444300E000
1.290000000000000E000 2.321465977695400E000
1.300000000000000E000 2.324609875548100E000
1.310000000000000E000 2.327768315183300E000
1.320000000000000E000 2.330941236997400E000
1.330000000000000E000 2.334128580642600E000
1.340000000000000E000 2.337330285064600E000
1.350000000000000E000 2.340546288540000E000
1.360000000000000E000 2.343776528711100E000
1.370000000000000E000 2.347020942620700E000
1.380000000000000E000 2.350279466744300E000
1.390000000000000E000 2.353552037021800E000
1.400000000000000E000 2.356838588888300E000
1.410000000000000E000 2.360139057302800E000
1.420000000000000E000 2.363453376776300E000
1.430000000000000E000 2.366781481399800E000
1.440000000000000E000 2.370123304869500E000
1.450000000000000E000 2.373478780512300E000
1.460000000000000E000 2.376847841310400E000
1.470000000000000E000 2.380230419924300E000
1.480000000000000E000 2.383626448715800E000
1.490000000000000E000 2.387035859769100E000
1.500000000000000E000 2.390458584912700E000
1.510000000000000E000 2.393894555738900E000
1.520000000000000E000 2.397343703623700E000
1.530000000000000E000 2.400805959745600E000
1.540000000000000E000 2.404281255103900E000
1.550000000000000E000 2.407769520536100E000
1.560000000000000E000 2.411270686734900E000
1.570000000000000E000 2.414784684264800E000
1.580000000000000E000 2.418311443577400E000
1.590000000000000E000 2.421850895027300E000
1.600000000000000E000 2.425402968886400E000
1.610000000000000E000 2.428967595358200E000
1.620000000000000E000 2.432544704591600E000
1.630000000000000E000 2.436134226694400E000
1.640000000000000E000 2.439736091745500E000
1.650000000000000E000 2.443350229808100E000
1.660000000000000E000 2.446976570941000E000
1.670000000000000E000 2.450615045210400E000
1.680000000000000E000 2.454265582701200E000
1.690000000000000E000 2.457928113527400E000
1.700000000000000E000 2.461602567842900E000
1.710000000000000E000 2.465288875851500E000
1.720000000000000E000 2.468986967816200E000
1.730000000000000E000 2.472696774069300E000
1.740000000000000E000 2.476418225020700E000
1.750000000000000E000 2.480151251167100E000
1.760000000000000E000 2.483895783100500E000
1.770000000000000E000 2.487651751516100E000
1.780000000000000E000 2.491419087220100E000
1.790000000000000E000 2.495197721137700E000
1.800000000000000E000 2.498987584320300E000
1.810000000000000E000 2.502788607952100E000
1.820000000000000E000 2.506600723357800E000
1.830000000000000E000 2.510423862008400E000
1.840000000000000E000 2.514257955528100E000
1.850000000000000E000 2.518102935699900E000
1.860000000000000E000 2.521958734472300E000
1.870000000000000E000 2.525825283964100E000
1.880000000000000E000 2.529702516470500E000
1.890000000000000E000 2.533590364468500E000
1.900000000000000E000 2.537488760621200E000
1.910000000000000E000 2.541397637783700E000
1.920000000000000E000 2.545316929007300E000
1.930000000000000E000 2.549246567544000E000
1.940000000000000E000 2.553186486851200E000
1.950000000000000E000 2.557136620595600E000
1.960000000000000E000 2.561096902657600E000
1.970000000000000E000 2.565067267134900E000
1.980000000000000E000 2.569047648346300E000
1.990000000000000E000 2.573037980835500E000
2.000000000000000E000 2.577038199374300E000
2.010000000000000E000 2.581048238966200E000
2.020000000000000E000 2.585068034849300E000
2.030000000000000E000 2.589097522499300E000
2.040000000000000E000 2.593136637633000E000
2.050000000000000E000 2.597185316210200E000
2.060000000000000E000 2.601243494437200E000
2.070000000000000E000 2.605311108768900E000
2.080000000000000E000 2.609388095911400E000
2.090000000000000E000 2.613474392824000E000
2.100000000000000E000 2.617569936722200E000
2.110000000000000E000 2.621674665078900E000
2.120000000000000E000 2.625788515627100E000
2.130000000000000E000 2.629911426361300E000
2.140000000000000E000 2.634043335539900E000
2.150000000000000E000 2.638184181686500E000
2.160000000000000E000 2.642333903591400E000
2.170000000000000E000 2.646492440313600E000
2.180000000000000E000 2.650659731182200E000
2.190000000000000E000 2.654835715797300E000
2.200000000000000E000 2.659020334031900E000
2.210000000000000E000 2.663213526032600E000
2.220000000000000E000 2.667415232221200E000
2.230000000000000E000 2.671625393295400E000
2.240000000000000E000 2.675843950230000E000
2.250000000000000E000 2.680070844277700E000
2.260000000000000E000 2.684306016970100E000
2.270000000000000E000 2.688549410118300E000
2.280000000000000E000 2.692800965813900E000
2.290000000000000E000 2.697060626429100E000
2.300000000000000E000 2.701328334618100E000
2.310000000000000E000 2.705604033316900E000
2.320000000000000E000 2.709887665744200E000
2.330000000000000E000 2.714179175401800E000
2.340000000000000E000 2.718478506074700E000
2.350000000000000E000 2.722785601831700E000
2.360000000000000E000 2.727100407025400E000
2.370000000000000E000 2.731422866292800E000
2.380000000000000E000 2.735752924555000E000
2.390000000000000E000 2.740090527017700E000
2.400000000000000E000 2.744435619171000E000
2.410000000000000E000 2.748788146789500E000
2.420000000000000E000 2.753148055932400E000
2.430000000000000E000 2.757515292943400E000
2.440000000000000E000 2.761889804450400E000
2.450000000000000E000 2.766271537365700E000
2.460000000000000E000 2.770660438885300E000
2.470000000000000E000 2.775056456489300E000
2.480000000000000E000 2.779459537941300E000
2.490000000000000E000 2.783869631288100E000
2.500000000000000E000 2.788286684859300E000
2.510000000000000E000 2.792710647267500E000
2.520000000000000E000 2.797141467407000E000
2.530000000000000E000 2.801579094454100E000
2.540000000000000E000 2.806023477866500E000
2.550000000000000E000 2.810474567382500E000
2.560000000000000E000 2.814932313020900E000
2.570000000000000E000 2.819396665080200E000
2.580000000000000E000 2.823867574138100E000
2.590000000000000E000 2.828344991051100E000
2.600000000000000E000 2.832828866953400E000
2.610000000000000E000 2.837319153257000E000
2.620000000000000E000 2.841815801650100E000
2.630000000000000E000 2.846318764097400E000
2.640000000000000E000 2.850827992838500E000
2.650000000000000E000 2.855343440388000E000
2.660000000000000E000 2.859865059534000E000
2.670000000000000E000 2.864392803337900E000
2.680000000000000E000 2.868926625133100E000
2.690000000000000E000 2.873466478524800E000
2.700000000000000E000 2.878012317388600E000
2.710000000000000E000 2.882564095870000E000
2.720000000000000E000 2.887121768383400E000
2.730000000000000E000 2.891685289611300E000
2.740000000000000E000 2.896254614503400E000
2.750000000000000E000 2.900829698275600E000
2.760000000000000E000 2.905410496409200E000
2.770000000000000E000 2.909996964649800E000
2.780000000000000E000 2.914589059006600E000
2.790000000000000E000 2.919186735751300E000
2.800000000000000E000 2.923789951417000E000
2.810000000000000E000 2.928398662797500E000
2.820000000000000E000 2.933012826946000E000
2.830000000000000E000 2.937632401174400E000
2.840000000000000E000 2.942257343052000E000
2.850000000000000E000 2.946887610404600E000
2.860000000000000E000 2.951523161313600E000
2.870000000000000E000 2.956163954114700E000
2.880000000000000E000 2.960809947396900E000
2.890000000000000E000 2.965461100001600E000
2.900000000000000E000 2.970117371021400E000
2.910000000000000E000 2.974778719799100E000
2.920000000000000E000 2.979445105926300E000
2.930000000000000E000 2.984116489243000E000
2.940000000000000E000 2.988792829835700E000
2.950000000000000E000 2.993474088036800E000
2.960000000000000E000 2.998160224423400E000
2.970000000000000E000 3.002851199816100E000
2.980000000000000E000 3.007546975277800E000
2.990000000000000E000 3.012247512112800E000
3.000000000000000E000 3.016952771865600E000
3.010000000000000E000 3.021662716319600E000
3.020000000000000E000 3.026377307496200E000
3.030000000000000E000 3.031096507653400E000
3.040000000000000E000 3.035820279284900E000
3.050000000000000E000 3.040548585118900E000
3.060000000000000E000 3.045281388116600E000
3.070000000000000E000 3.050018651471700E000
3.080000000000000E000 3.054760338608700E000
3.090000000000000E000 3.059506413182000E000
3.100000000000000E000 3.064256839074400E000
3.110000000000000E000 3.069011580396600E000
3.120000000000000E000 3.073770601485200E000
3.130000000000000E000 3.078533866902500E000
3.140000000000000E000 3.083301341434200E000
3.150000000000000E000 3.088072990089300E000
3.160000000000000E000 3.092848778098200E000
3.170000000000000E000 3.097628670911900E000
3.180000000000000E000 3.102412634200800E000
3.190000000000000E000 3.107200633853300E000
3.200000000000000E000 3.111992635974800E000
3.210000000000000E000 3.116788606886800E000
3.220000000000000E000 3.121588513125100E000
3.230000000000000E000 3.126392321439100E000
3.240000000000000E000 3.131199998790600E000
3.250000000000000E000 3.136011512352700E000
3.260000000000000E000 3.140826829508000E000
3.270000000000000E000 3.145645917848500E000
3.280000000000000E000 3.150468745173500E000
3.290000000000000E000 3.155295279488900E000
3.300000000000000E000 3.160125489006100E000
3.310000000000000E000 3.164959342140500E000
3.320000000000000E000 3.169796807510600E000
3.330000000000000E000 3.174637853936800E000
3.340000000000000E000 3.179482450440400E000
3.350000000000000E000 3.184330566242000E000
3.360000000000000E000 3.189182170760800E000
3.370000000000000E000 3.194037233613300E000
3.380000000000000E000 3.198895724612100E000
3.390000000000000E000 3.203757613765000E000
3.400000000000000E000 3.208622871273500E000
3.410000000000000E000 3.213491467532000E000
3.420000000000000E000 3.218363373126300E000
3.430000000000000E000 3.223238558833000E000
3.440000000000000E000 3.228116995617800E000
3.450000000000000E000 3.232998654635000E000
3.460000000000000E000 3.237883507225700E000
3.470000000000000E000 3.242771524917300E000
3.480000000000000E000 3.247662679421800E000
3.490000000000000E000 3.252556942635500E000
3.500000000000000E000 3.257454286636900E000
3.510000000000000E000 3.262354683686400E000
3.520000000000000E000 3.267258106225000E000
3.530000000000000E000 3.272164526872800E000
3.540000000000000E000 3.277073918428700E000
3.550000000000000E000 3.281986253868400E000
3.560000000000000E000 3.286901506344200E000
3.570000000000000E000 3.291819649183100E000
3.580000000000000E000 3.296740655886500E000
3.590000000000000E000 3.301664500128500E000
3.600000000000000E000 3.306591155755200E000
3.610000000000000E000 3.311520596783700E000
3.620000000000000E000 3.316452797400700E000
3.630000000000000E000 3.321387731961700E000
3.640000000000000E000 3.326325374990000E000
3.650000000000000E000 3.331265701175300E000
3.660000000000000E000 3.336208685373200E000
3.670000000000000E000 3.341154302603800E000
3.680000000000000E000 3.346102528050700E000
3.690000000000000E000 3.351053337060100E000
3.700000000000000E000 3.356006705139700E000
3.710000000000000E000 3.360962607957800E000
3.720000000000000E000 3.365921021342100E000
3.730000000000000E000 3.370881921278700E000
3.740000000000000E000 3.375845283911400E000
3.750000000000000E000 3.380811085540500E000
3.760000000000000E000 3.385779302621500E000
3.770000000000000E000 3.390749911764900E000
3.780000000000000E000 3.395722889734300E000
3.790000000000000E000 3.400698213446100E000
3.800000000000000E000 3.405675859968300E000
3.810000000000000E000 3.410655806519500E000
3.820000000000000E000 3.415638030467900E000
3.830000000000000E000 3.420622509330500E000
3.840000000000000E000 3.425609220771900E000
3.850000000000000E000 3.430598142603800E000
3.860000000000000E000 3.435589252783600E000
3.870000000000000E000 3.440582529413500E000
3.880000000000000E000 3.445577950740000E000
3.890000000000000E000 3.450575495152300E000
3.900000000000000E000 3.455575141182200E000
3.910000000000000E000 3.460576867502300E000
3.920000000000000E000 3.465580652925800E000
3.930000000000000E000 3.470586476405200E000
3.940000000000000E000 3.475594317031500E000
3.950000000000000E000 3.480604154033400E000
3.960000000000000E000 3.485615966776200E000
3.970000000000000E000 3.490629734761200E000
3.980000000000000E000 3.495645437624300E000
3.990000000000000E000 3.500663055135800E000
4.000000000000000E000 3.505682567199200E000
